ZONE A											
-20.330690380	14.941373830	-35.999164580	14.904060360								
-20.322765350	14.882782940	-35.996654510	14.808150290								
-20.309556960	14.824265480	-35.992469790	14.712298390								
-20.291069030	14.765857700	-35.986614230	14.616533280								
-20.267303470	14.707594870	-35.979091640	14.520885470								
-20.238269810	14.649513240	-35.969902040	14.425383570								
-20.203968050	14.591650010	-35.959045410	14.330057140								
-20.164409640	14.534040450	-35.946529390	14.234933850								
-20.119600300	14.476718900	-35.932353970	14.140043260								
-20.069551470	14.419723510	-35.916526790	14.045413970								
-20.014268880	14.363087650	-35.899051670	13.951075550								
-19.953767780	14.306846620	-35.879932400	13.857056620								
-19.888059620	14.251035690	-35.859176640	13.763385770								
-19.817155840	14.195690160	-35.836791990	13.670090680								
-19.741073610	14.140841480	-35.812782290	13.577199940								
-19.659826280	14.086526870	-35.787155150	13.484743120								
-19.573431020	14.032776830	-35.759918210	13.392746930								
-19.481904980	13.979625700	-35.731082920	13.301239970								
-19.385267260	13.927106860	-35.700653080	13.210248950								
-19.283538820	13.875250820	-35.668640140	13.119803430								
-19.176738740	13.824090000	-35.635059360	13.029930110								
-19.064888000	13.773656850	-35.599910740	12.940656660								
-18.948013310	13.723979950	-35.563213350	12.852008820								
-18.826133730	13.675090790	-35.524974820	12.764015200								
-18.699277880	13.627018930	-35.485206600	12.676702500								
-18.567470550	13.579792980	-35.443920140	12.590095520								
-18.430738450	13.533441540	-35.401130680	12.504222870								
-18.289110180	13.487993240	-35.356849670	12.419109340								
-18.142616270	13.443474770	-35.311092380	12.334781650								
-17.991283420	13.399910930	-35.263870240	12.251264570								
-17.835147860	13.357329370	-35.215198520	12.168583870								
-17.674238200	13.315755840	-35.165088650	12.086765290								
-17.508588790	13.275213240	-35.113563540	12.005832670								
-17.338233950	13.235725400	-35.060630800	11.925810810								
-17.163211820	13.197316170	-35.006313320	11.846724510								
-16.983556750	13.160006520	-34.950622560	11.768598560								
-16.799304960	13.123818400	-34.893577580	11.691455840								
-16.610498430	13.088771820	-34.835197450	11.615319250								
-16.417175290	13.054886820	-34.775497440	11.540212630								
-16.219375610	13.022182460	-34.714496610	11.466159820								
-16.017141340	12.990674970	-34.652210240	11.393180850								
-15.810518260	12.960382460	-34.588665010	11.321300510								
-15.599546430	12.931322100	-34.523872380	11.250539780								
-15.384273530	12.903508190	-34.457855220	11.180919650								
-15.164746280	12.876953130	-34.390636440	11.112461090								
-14.941008570	12.851673130	-34.322231290	11.045187000								
-14.713112830	12.827678680	-34.252662660	10.979114530								
-14.481102940	12.804981230	-34.181953430	10.914266590								
-14.245032310	12.783591270	-34.110122680	10.850662230								
-14.004954340	12.763519290	-34.037193300	10.788320540								
-13.760919570	12.744771000	-33.963191990	10.727259640								
-13.512978550	12.727355000	-33.888130190	10.667499540								
-13.261191370	12.711278920	-33.812042240	10.609057430								
-13.005608560	12.696545600	-33.734943390	10.551951410								
-12.746291160	12.683160780	-33.656864170	10.496199610								
-12.483293530	12.671125410	-33.577819820	10.441818240								
-12.216674800	12.660443310	-33.497840880	10.388822560								
-11.946496960	12.651114460	-33.416950230	10.337231640								
-11.672819140	12.643140790	-33.335170750	10.287059780								
-11.395703320	12.636517520	-33.252529140	10.238321300								
-11.115215300	12.631243710	-33.169048310	10.191031460								
-10.831415180	12.627316470	-33.084758760	10.145205500								
-10.544370650	12.624730110	-32.999679570	10.100856780								
-10.254146580	12.623478890	-32.913841250	10.057998660								
-9.960810660	12.623557090	-32.827266690	10.016644480								
-9.664433480	12.624957080	-32.739986420	9.976806640								
-9.365081790	12.627667430	-32.652023320	9.938497540								
-9.062826160	12.631679530	-32.563404080	9.901729580								
-8.757741930	12.636981960	-32.474159240	9.866512300								
-8.449897770	12.643563270	-32.384311680	9.832857130								
-8.139369960	12.651407240	-32.293891910	9.800773620								
-7.826231000	12.660501480	-32.202926640	9.770273210								
-7.510558610	12.670831680	-32.111442570	9.741363530								
-7.192431930	12.682377820	-32.019466400	9.714054110								
-6.871924400	12.695122720	-31.927028660	9.688353540								
-6.549120430	12.709050180	-31.834157940	9.664269450								
-6.224096300	12.724139210	-31.740880970	9.641809460								
-5.896934030	12.740365030	-31.647226330	9.620978360								
-5.567720410	12.757711410	-31.553222660	9.601785660								
-5.236534120	12.776153560	-31.458898540	9.584234240								
-4.903461460	12.795666690	-31.364282610	9.568332670								
-4.568591590	12.816226010	-31.269403460	9.554082870								
-4.232006070	12.837805750	-31.174289700	9.541489600								
-3.893798590	12.860382080	-31.078971860	9.530558590								
-3.554052830	12.883922580	-30.983476640	9.521291730								
-3.212861540	12.908401490	-30.887834550	9.513690950								
-2.870318650	12.933788300	-30.792076110	9.507761000								
-2.526512150	12.960055350	-30.696226120	9.503501890								
-2.181540010	12.987169270	-30.600318910	9.500915530								
-1.835492010	13.015100480	-30.504379270	9.500001910								
-1.488466380	13.043812750	-30.408439640	9.500761990								
-1.140562420	13.073277470	-30.312526700	9.503196720								
-0.791872800	13.103458400	-30.216670990	9.507303240								
-0.442501540	13.134320260	-30.120903020	9.513080600								
-0.092543710	13.165830610	-30.025249480	9.520528790								
0.257897350	13.197950360	-29.929739000	9.529643060								
0.608717260	13.230647090	-29.834403990	9.540422440								
0.959817830	13.263881680	-29.739271160	9.552864070								
1.311090110	13.297617910	-29.644369130	9.566963200								
1.662433860	13.331817630	-29.549728390	9.582714080								
2.013740780	13.366442680	-29.455375670	9.600114820								
2.364901540	13.401455880	-29.361341480	9.619157790								
2.715812680	13.436819080	-29.267652510	9.639839170								
3.066363570	13.472493170	-29.174341200	9.662151340								
3.416441920	13.508438110	-29.081430440	9.686087610								
3.765941380	13.544616700	-28.988952640	9.711641310								
4.114746090	13.580988880	-28.896936420	9.738803860								
4.462748530	13.617514610	-28.805404660	9.767567630								
4.809833050	13.654156680	-28.714391710	9.797924040								
5.155882840	13.690873150	-28.623920440	9.829862590								
5.500789640	13.727629660	-28.534019470	9.863374710								
5.844430920	13.764381410	-28.444717410	9.898448940								
6.186696530	13.801095010	-28.356040950	9.935077670								
6.527467730	13.837730410	-28.268016820	9.973245620								
6.866624830	13.874250410	-28.180671690	10.012945180								
7.204051020	13.910615920	-28.094034190	10.054161070								
7.539633750	13.946792600	-28.008125310	10.096881870								
7.873243810	13.982739450	-27.922977450	10.141095160								
8.204766270	14.018424030	-27.838613510	10.186786650								
8.534086230	14.053811070	-27.755058290	10.233943940								
8.861075400	14.088864330	-27.672338490	10.282549860								
9.185616490	14.123550420	-27.590480800	10.332592010								
9.507593150	14.157836910	-27.509506230	10.384055140								
9.826875690	14.191690440	-27.429443360	10.436922070								
10.143347740	14.225080490	-27.350315090	10.491177560								
10.456888200	14.257975580	-27.272144320	10.546804430								
10.767379760	14.290347100	-27.194953920	10.603788380								
11.074693680	14.322167400	-27.118772510	10.662109380								
11.378711700	14.353406910	-27.043619160	10.721749310								
11.679317470	14.384041790	-26.969516750	10.782691960								
11.976384160	14.414044380	-26.896488190	10.844917300								
12.269792560	14.443395610	-26.824558260	10.908408160								
12.559429170	14.472068790	-26.753744130	10.973144530								
12.845165250	14.500042920	-26.684072490	11.039104460								
13.126886370	14.527301790	-26.615560530	11.106269840								
13.404479030	14.553825380	-26.548231120	11.174621580								
13.677817340	14.579596520	-26.482103350	11.244136810								
13.946787830	14.604600910	-26.417200090	11.314793590								
14.211276050	14.628823280	-26.353538510	11.386572840								
14.471170430	14.652253150	-26.291137700	11.459452630								
14.726349830	14.674878120	-26.230018620	11.533408160								
14.976706500	14.696691510	-26.170198440	11.608419420								
15.222130780	14.717684750	-26.111696240	11.684463500								
15.462507250	14.737851140	-26.054529190	11.761514660								
15.697730060	14.757188800	-25.998714450	11.839551930								
15.927696230	14.775694850	-25.944269180	11.918552400								
16.152292250	14.793367390	-25.891212460	11.998488430								
16.371419910	14.810209270	-25.839555740	12.079339030								
16.584980010	14.826222420	-25.789318080	12.161078450								
16.792867660	14.841409680	-25.740512850	12.243680950								
16.994983670	14.855780600	-25.693157200	12.327122690								
17.191236500	14.869340900	-25.647266390	12.411376950								
17.381534580	14.882101060	-25.602848050	12.496420860								
17.565778730	14.894070630	-25.559921260	12.582225800								
17.743885040	14.905265810	-25.518499370	12.668766020								
17.915769580	14.915698050	-25.478591920	12.756015780								
18.081342700	14.925383570	-25.440212250	12.843948360								
18.240526200	14.934342380	-25.403373720	12.932537080								
18.393241880	14.942592620	-25.368085860	13.021755220								
18.539413450	14.950154300	-25.334358220	13.111575130								
18.678966520	14.957049370	-25.302204130	13.201969150								
18.811834340	14.963302610	-25.271629330	13.292911530								
18.937946320	14.968938830	-25.242649080	13.384372710								
19.057239530	14.973983760	-25.215265270	13.476325040								
19.169656750	14.978466030	-25.189491270	13.568740840								
19.275140760	14.982413290	-25.165332790	13.661593440								
19.373632430	14.985856060	-25.142799380	13.754852290								
19.465085980	14.988825800	-25.121894840	13.848489760								
19.549453740	14.991353030	-25.102624890	13.942479130								
19.626691820	14.993472100	-25.084999080	14.036789890								
19.696758270	14.995217320	-25.069023130	14.131392480								
19.759620670	14.996622090	-25.054697040	14.226261140								
19.815244670	14.997721670	-25.042028430	14.321363450								
19.863599780	14.998554230	-25.031021120	14.416673660								
19.904661180	14.999155040	-25.021678920	14.512160300								
19.938411710	14.999561310	-25.014001850	14.607796670								
19.964828490	14.999810220	-25.007995610	14.703551290								
19.983900070	14.999940870	-25.003660200	14.799396510								
19.995615010	14.999991420	-25.000995640	14.895303730								
19.999969480	15.000000000	-25.000007630	14.991241460								
19.996959690	15.000004770	-25.000690460	15.087181090								
19.986587520	15.000044820	-25.003047940	15.183096890								
19.968858720	15.000158310	-25.007078170	15.278954510								
19.943782810	15.000383380	-25.012779240	15.374728200								
19.911371230	15.000757220	-25.020153050	15.470388410								
19.871641160	15.001319890	-25.029190060	15.565904620								
19.824615480	15.002106670	-25.039894100	15.661248210								
19.770318980	15.003155710	-25.052259450	15.756391530								
19.708774570	15.004502300	-25.066284180	15.851305010								
19.640020370	15.006181720	-25.081958770	15.945958140								
19.564090730	15.008230210	-25.099285130	16.040323260								
19.481019970	15.010681150	-25.118253710	16.134374620								
19.390857700	15.013566970	-25.138858800	16.228078840								
19.293645860	15.016921040	-25.161098480	16.321407320								
19.189435960	15.020773890	-25.184959410	16.414337160								
19.078281400	15.025156020	-25.210439680	16.506835940								
18.960237500	15.030097010	-25.237529750	16.598875050								
18.835365300	15.035622600	-25.266220090	16.690427780								
18.703725810	15.041761400	-25.296503070	16.781465530								
18.565389630	15.048538210	-25.328369140	16.871961590								
18.420421600	15.055976870	-25.361810680	16.961889270								
18.268894200	15.064099310	-25.396814350	17.051219940								
18.110887530	15.072926520	-25.433372500	17.139925000								
17.946474080	15.082478520	-25.471469880	17.227979660								
17.775735860	15.092773440	-25.511100770	17.315355300								
17.598760600	15.103827480	-25.552246090	17.402027130								
17.415628430	15.115654950	-25.594898220	17.487968440								
17.226428990	15.128270150	-25.639045720	17.573152540								
17.031257630	15.141682620	-25.684669490	17.657552720								
16.830204010	15.155904770	-25.731758120	17.741146090								
16.623363490	15.170943260	-25.780300140	17.823902130								
16.410831450	15.186805730	-25.830276490	17.905801770								
16.192714690	15.203495980	-25.881675720	17.986816410								
15.969107630	15.221015930	-25.934478760	18.066921230								
15.740113260	15.239370350	-25.988670350	18.146095280								
15.505843160	15.258555410	-26.044237140	18.224309920								
15.266400340	15.278571130	-26.101158140	18.301542280								
15.021888730	15.299414630	-26.159418110	18.377773280								
14.772425650	15.321078300	-26.218997960	18.452974320								
14.518117900	15.343556400	-26.279882430	18.527124400								
14.259075160	15.366839410	-26.342050550	18.600202560								
13.995417590	15.390917780	-26.405483250	18.672183990								
13.727256770	15.415780070	-26.470161440	18.743047710								
13.454707150	15.441412930	-26.536066060	18.812772750								
13.177882190	15.467799190	-26.603178020	18.881338120								
12.896906850	15.494924550	-26.671476360	18.948720930								
12.611894610	15.522770880	-26.740938190	19.014904020								
12.322960850	15.551318170	-26.811544420	19.079864500								
12.030233380	15.580546380	-26.883272170	19.143583300								
11.733825680	15.610432620	-26.956102370	19.206041340								
11.433856010	15.640954020	-27.030010220	19.267219540								
11.130456920	15.672084810	-27.104972840	19.327098850								
10.823731420	15.703801160	-27.180969240	19.385662080								
10.513810160	15.736074450	-27.257976530	19.442892070								
10.200822830	15.768875120	-27.335968020	19.498767850								
9.884872440	15.802176480	-27.414924620	19.553274150								
9.566089630	15.835948940	-27.494819640	19.606397630								
9.244604110	15.870157240	-27.575628280	19.658115390								
8.920517920	15.904773710	-27.657327650	19.708419800								
8.593962670	15.939762120	-27.739892960	19.757289890								
8.265068050	15.975090030	-27.823295590	19.804710390								
7.933933730	16.010725020	-27.907514570	19.850671770								
7.600691800	16.046627040	-27.992523190	19.895156860								
7.265469070	16.082763670	-28.078292850	19.938150410								
6.928366660	16.119096760	-28.164800640	19.979642870								
6.589512830	16.155590060	-28.252019880	20.019618990								
6.249033450	16.192209240	-28.339920040	20.058067320								
5.907029630	16.228910450	-28.428480150	20.094978330								
5.563626290	16.265661240	-28.517669680	20.130338670								
5.218948840	16.302417760	-28.607461930	20.164134980								
4.873095040	16.339143750	-28.697832110	20.196363450								
4.526197430	16.375801090	-28.788747790	20.227008820								
4.178351880	16.412353520	-28.880186080	20.256063460								
3.829680680	16.448755260	-28.972118380	20.283519740								
3.480306390	16.484972000	-29.064512250	20.309366230								
3.130321500	16.520961760	-29.157344820	20.333599090								
2.779845950	16.556688310	-29.250587460	20.356208800								
2.428999190	16.592111590	-29.344207760	20.377187730								
2.077871800	16.627191540	-29.438180920	20.396530150								
1.726580620	16.661890030	-29.532478330	20.414230350								
1.375242710	16.696170810	-29.627067570	20.430284500								
1.023945210	16.729995730	-29.721923830	20.444684980								
0.672802750	16.763324740	-29.817018510	20.457429890								
0.321929130	16.796121600	-29.912317280	20.468513490								
-0.028591600	16.828350070	-30.007799150	20.477931980								
-0.378647630	16.859973910	-30.103429790	20.485683440								
-0.728128250	16.890956880	-30.199176790	20.491767880								
-1.076952340	16.921264650	-30.295021060	20.496179580								
-1.425011520	16.950862880	-30.390924450	20.498918530								
-1.772198200	16.979715350	-30.486860280	20.499984740								
-2.118434190	17.007791520	-30.582803730	20.499376300								
-2.463613990	17.035057070	-30.678720470	20.497095110								
-2.807633880	17.061479570	-30.774580000	20.493141170								
-3.150418760	17.087030410	-30.870359420	20.487516400								
-3.491866350	17.111677170	-30.966026310	20.480220790								
-3.831875800	17.135393140	-31.061548230	20.471258160								
-4.170375350	17.158144000	-31.156900410	20.460630420								
-4.507256510	17.179908750	-31.252052310	20.448341370								
-4.842451100	17.200656890	-31.346977230	20.434392930								
-5.175860880	17.220361710	-31.441644670	20.418792720								
-5.507390980	17.239002230	-31.536022190	20.401542660								
-5.836975570	17.256549840	-31.630088810	20.382648470								
-6.164520740	17.272983550	-31.723810200	20.362115860								
-6.489934440	17.288282390	-31.817155840	20.339954380								
-6.813154700	17.302421570	-31.910104750	20.316164020								
-7.134088990	17.315383910	-32.002624510	20.290758130								
-7.452651980	17.327150340	-32.094680790	20.263742450								
-7.768781190	17.337703700	-32.186260220	20.235124590								
-8.082390790	17.347024920	-32.277324680	20.204914090								
-8.393395420	17.355098720	-32.367843630	20.173118590								
-8.701738360	17.361911770	-32.457798000	20.139749530								
-9.007335660	17.367446900	-32.547157290	20.104816440								
-9.310107230	17.371696470	-32.635887150	20.068330760								
-9.609996800	17.374647140	-32.723976140	20.030302050								
-9.906925200	17.376285550	-32.811382290	19.990741730								
-10.200816150	17.376604080	-32.898086550	19.949665070								
-10.491615300	17.375598910	-32.984062190	19.907079700								
-10.779248240	17.373256680	-33.069282530	19.863002780								
-11.063640590	17.369573590	-33.153717040	19.817445760								
-11.344741820	17.364545820	-33.237346650	19.770421980								
-11.622472760	17.358169560	-33.320144650	19.721946720								
-11.896785740	17.350442890	-33.402084350	19.672035220								
-12.167610170	17.341362000	-33.483139040	19.620700840								
-12.434877400	17.330926900	-33.563285830	19.567962650								
-12.698543550	17.319137570	-33.642501830	19.513832090								
-12.958539960	17.305999760	-33.720760350	19.458328250								
-13.214803700	17.291511540	-33.798038480	19.401470180								
-13.467291830	17.275680540	-33.874313350	19.343269350								
-13.715940480	17.258508680	-33.949565890	19.283748630								
-13.960688590	17.240003590	-34.023761750	19.222925190								
-14.201496120	17.220172880	-34.096889500	19.160816190								
-14.438303950	17.199022290	-34.168922420	19.097438810								
-14.671053890	17.176563260	-34.239837650	19.032817840								
-14.899707790	17.152803420	-34.309616090	18.966968540								
-15.124210360	17.127758030	-34.378234860	18.899909970								
-15.344506260	17.101434710	-34.445671080	18.831668850								
-15.560562130	17.073848720	-34.511909480	18.762256620								
-15.772322650	17.045015340	-34.576927190	18.691701890								
-15.979740140	17.014947890	-34.640701290	18.620025630								
-16.182781220	16.983659740	-34.703216550	18.547245030								
-16.381393430	16.951173780	-34.764457700	18.473386760								
-16.575534820	16.917503360	-34.824394230	18.398471830								
-16.765171050	16.882665630	-34.883018490	18.322521210								
-16.950258260	16.846685410	-34.940307620	18.245559690								
-17.130752560	16.809579850	-34.996246340	18.167612080								
-17.306627270	16.771368030	-35.050815580	18.088699340								
-17.477832790	16.732076640	-35.104000090	18.008848190								
-17.644344330	16.691724780	-35.155788420	17.928079610								
-17.806123730	16.650337220	-35.206153870	17.846420290								
-17.963130950	16.607938770	-35.255088810	17.763896940								
-18.115345000	16.564552310	-35.302577970	17.680528640								
-18.262725830	16.520204540	-35.348606110	17.596345900								
-18.405241010	16.474924090	-35.393157960	17.511375430								
-18.542871480	16.428735730	-35.436222080	17.425638200								
-18.675580980	16.381666180	-35.477783200	17.339162830								
-18.803340910	16.333747860	-35.517826080	17.251979830								
-18.926132200	16.285005570	-35.556346890	17.164106370								
-19.043924330	16.235471730	-35.593326570	17.075576780								
-19.156692500	16.185173030	-35.628757480	16.986415860								
-19.264415740	16.134143830	-35.662628170	16.896648410								
-19.367074970	16.082410810	-35.694927220	16.806304930								
-19.464641570	16.030012130	-35.725643160	16.715414050								
-19.557102200	15.976973530	-35.754772190	16.623998640								
-19.644435880	15.923330310	-35.782302860	16.532089230								
-19.726623540	15.869116780	-35.808223720	16.439714430								
-19.803651810	15.814362530	-35.832527160	16.346900940								
-19.875501630	15.759104730	-35.855213170	16.253677370								
-19.942159650	15.703376770	-35.876266480	16.160072330								
-20.003612520	15.647211070	-35.895683290	16.066114430								
-20.059846880	15.590645790	-35.913459780	15.971834180								
-20.110853200	15.533713340	-35.929588320	15.877255440								
-20.156620030	15.476448060	-35.944065090	15.782409670								
-20.197137830	15.418889050	-35.956882480	15.687328340								
-20.232398990	15.361068730	-35.968044280	15.592035290								
-20.262395860	15.303024290	-35.977539060	15.496562960								
-20.287122730	15.244792940	-35.985366820	15.400940900								
-20.306573870	15.186408040	-35.991523740	15.305194850								
-20.320747380	15.127907750	-35.996013640	15.209355350								
-20.329637530	15.069328310	-35.998828890	15.113455770								
-20.333244320	15.010704990	-35.999973300	15.017518040								
-20.331567760	14.952075960	-35.999439240	14.921575550								
ZONE B											
-21.140365600	29.897478100	-36.999088290	29.895338060								
-21.132892610	29.795011520	-36.996349330	29.790708540								
-21.120439530	29.692655560	-36.991786960	29.686143880								
-21.103006360	29.590465550	-36.985397340	29.581672670								
-21.080600740	29.488492970	-36.977191930	29.477329250								
-21.053222660	29.386796950	-36.967163090	29.373146060								
-21.020877840	29.285430910	-36.955322270	29.269153590								
-20.983573910	29.184448240	-36.941665650	29.165382390								
-20.941316600	29.083902360	-36.926204680	29.061864850								
-20.894115450	28.983850480	-36.908939360	28.958633420								
-20.841978070	28.884344100	-36.889873500	28.855718610								
-20.784912110	28.785436630	-36.869018550	28.753152850								
-20.722930910	28.687183380	-36.846374510	28.650966640								
-20.656044010	28.589635850	-36.821952820	28.549190520								
-20.584264760	28.492845540	-36.795761110	28.447855000								
-20.507606510	28.396865840	-36.767803190	28.346992490								
-20.426084520	28.301748280	-36.738090520	28.246633530								
-20.339712140	28.207544330	-36.706634520	28.146806720								
-20.248504640	28.114305500	-36.673439030	28.047544480								
-20.152479170	28.022079470	-36.638519290	27.948877330								
-20.051654820	27.930917740	-36.601882930	27.850833890								
-19.946048740	27.840869900	-36.563541410	27.753442760								
-19.835681920	27.751985550	-36.523506160	27.656736370								
-19.720573430	27.664308550	-36.481792450	27.560743330								
-19.600746150	27.577890400	-36.438407900	27.465492250								
-19.476219180	27.492776870	-36.393367770	27.371013640								
-19.347017290	27.409011840	-36.346691130	27.277334210								
-19.213165280	27.326642990	-36.298381810	27.184482570								
-19.074686050	27.245714190	-36.248466490	27.092489240								
-18.931604390	27.166267400	-36.196949010	27.001379010								
-18.783948900	27.088348390	-36.143852230	26.911182400								
-18.631744380	27.011997220	-36.089187620	26.821926120								
-18.475021360	26.937257770	-36.032978060	26.733634950								
-18.313806530	26.864166260	-35.975234990	26.646339420								
-18.148130420	26.792764660	-35.915977480	26.560062410								
-17.978025440	26.723091130	-35.855224610	26.474834440								
-17.803518300	26.655183790	-35.792995450	26.390678410								
-17.624645230	26.589078900	-35.729305270	26.307621000								
-17.441436770	26.524810790	-35.664176940	26.225687030								
-17.253927230	26.462415700	-35.597633360	26.144901280								
-17.062149050	26.401924130	-35.529685970	26.065288540								
-16.866142270	26.343372340	-35.460361480	25.986873630								
-16.665939330	26.286787030	-35.389678960	25.909679410								
-16.461576460	26.232202530	-35.317661290	25.833730700								
-16.253095630	26.179645540	-35.244331360	25.759048460								
-16.040531160	26.129142760	-35.169708250	25.685657500								
-15.823923110	26.080722810	-35.093814850	25.613578800								
-15.603310590	26.034408570	-35.016677860	25.542835240								
-15.378736500	25.990224840	-34.938316350	25.473449710								
-15.150240900	25.948196410	-34.858757020	25.405439380								
-14.917866710	25.908340450	-34.778026580	25.338829040								
-14.681655880	25.870677950	-34.696144100	25.273635860								
-14.441654210	25.835229870	-34.613136290	25.209880830								
-14.197903630	25.802009580	-34.529029850	25.147583010								
-13.950450900	25.771036150	-34.443851470	25.086763380								
-13.699341770	25.742322920	-34.357620240	25.027437210								
-13.444622040	25.715879440	-34.270370480	24.969625470								
-13.186343190	25.691720960	-34.182125090	24.913343430								
-12.924548150	25.669857030	-34.092910770	24.858610150								
-12.659287450	25.650293350	-34.002758030	24.805440900								
-12.390615460	25.633035660	-33.911689760	24.753852840								
-12.118576050	25.618093490	-33.819736480	24.703861240								
-11.843227390	25.605466840	-33.726921080	24.655479430								
-11.564615250	25.595157620	-33.633281710	24.608726500								
-11.282795910	25.587167740	-33.538837430	24.563611980								
-10.997824670	25.581495290	-33.443618770	24.520153050								
-10.709752080	25.578136440	-33.347660060	24.478361130								
-10.418636320	25.577085490	-33.250984190	24.438249590								
-10.124533650	25.578336720	-33.153625490	24.399831770								
-9.827499390	25.581882480	-33.055610660	24.363117220								
-9.527593610	25.587713240	-32.956974030	24.328117370								
-9.224871640	25.595815660	-32.857734680	24.294843670								
-8.919396400	25.606176380	-32.757934570	24.263305660								
-8.611227040	25.618780140	-32.657600400	24.233512880								
-8.300424580	25.633609770	-32.556758880	24.205476760								
-7.987052440	25.650646210	-32.455444340	24.179203030								
-7.671170230	25.669870380	-32.353687290	24.154701230								
-7.352845190	25.691259380	-32.251518250	24.131977080								
-7.032143590	25.714786530	-32.148971560	24.111038210								
-6.709126950	25.740427020	-32.046070100	24.091892240								
-6.383864400	25.768154140	-31.942853930	24.074543000								
-6.056427000	25.797937390	-31.839349750	24.058998110								
-5.726878170	25.829744340	-31.735588070	24.045261380								
-5.395292280	25.863540650	-31.631605150	24.033336640								
-5.061737060	25.899291990	-31.527429580	24.023227690								
-4.726285930	25.936962130	-31.423091890	24.014936450								
-4.389014240	25.976511000	-31.318628310	24.008466720								
-4.049993040	26.017898560	-31.214065550	24.003820420								
-3.709301470	26.061080930	-31.109437940	24.000997540								
-3.367012500	26.106016160	-31.004777910	24.000001910								
-3.023205760	26.152656560	-30.900115970	24.000831600								
-2.677963260	26.200954440	-30.795484540	24.003486630								
-2.331361060	26.250860210	-30.690914150	24.007967000								
-1.983485460	26.302322390	-30.586439130	24.014270780								
-1.634415030	26.355287550	-30.482090000	24.022394180								
-1.284237150	26.409704210	-30.377897260	24.032337190								
-0.933039900	26.465513230	-30.273895260	24.044097900								
-0.580906090	26.522657390	-30.170112610	24.057670590								
-0.227929620	26.581077580	-30.066585540	24.073049550								
0.125803890	26.640712740	-29.963338850	24.090232850								
0.480199900	26.701503750	-29.860408780	24.109216690								
0.835162400	26.763383870	-29.757827760	24.129991530								
1.190600990	26.826288220	-29.655622480	24.152551650								
1.546416160	26.890151980	-29.553825380	24.176893230								
1.902506950	26.954904560	-29.452470780	24.203004840								
2.258777860	27.020479200	-29.351585390	24.230880740								
2.615122320	27.086809160	-29.251203540	24.260513310								
2.971440790	27.153821950	-29.151351930	24.291893010								
3.327625510	27.221443180	-29.052062990	24.325008390								
3.683566570	27.289602280	-28.953367230	24.359849930								
4.039159770	27.358226780	-28.855293270	24.396408080								
4.394288060	27.427240370	-28.757873540	24.434673310								
4.748844150	27.496570590	-28.661136630	24.474630360								
5.102710250	27.566141130	-28.565109250	24.516269680								
5.455767150	27.635877610	-28.469823840	24.559576030								
5.807898040	27.705701830	-28.375308990	24.604537960								
6.158987050	27.775539400	-28.281591420	24.651144030								
6.508901600	27.845314030	-28.188703540	24.699377060								
6.857521530	27.914949420	-28.096670150	24.749221800								
7.204725740	27.984371190	-28.005517960	24.800666810								
7.550374510	28.053499220	-27.915279390	24.853691100								
7.894343380	28.122261050	-27.825979230	24.908283230								
8.236502650	28.190584180	-27.737644200	24.964424130								
8.576708790	28.258392330	-27.650300980	25.022096630								
8.914832120	28.325611110	-27.563980100	25.081283570								
9.250732420	28.392168050	-27.478702550	25.141969680								
9.584274290	28.457996370	-27.394496920	25.204132080								
9.915306090	28.523021700	-27.311388020	25.267755510								
10.243689540	28.587177280	-27.229402540	25.332817080								
10.569284440	28.650394440	-27.148563390	25.399299620								
10.891933440	28.712608340	-27.068897250	25.467182160								
11.211494450	28.773759840	-26.990427020	25.536445620								
11.527819630	28.833782200	-26.913175580	25.607067110								
11.840748790	28.892616270	-26.837169650	25.679023740								
12.150136950	28.950208660	-26.762430190	25.752294540								
12.455832480	29.006504060	-26.688978200	25.826860430								
12.757671360	29.061449050	-26.616840360	25.902694700								
13.055503850	29.114994050	-26.546035770	25.979774480								
13.349173550	29.167095180	-26.476587300	26.058078770								
13.638525960	29.217706680	-26.408514020	26.137584690								
13.923397060	29.266790390	-26.341838840	26.218263630								
14.203631400	29.314310070	-26.276580810	26.300094600								
14.479075430	29.360233310	-26.212759020	26.383050920								
14.749564170	29.404527660	-26.150394440	26.467107770								
15.014942170	29.447168350	-26.089508060	26.552238460								
15.275057790	29.488134380	-26.030113220	26.638420100								
15.529744150	29.527406690	-25.972230910	26.725624080								
15.778850560	29.564970020	-25.915878300	26.813823700								
16.022226330	29.600816730	-25.861074450	26.902994160								
16.259706500	29.634941100	-25.807832720	26.993106840								
16.491147990	29.667339320	-25.756172180	27.084133150								
16.716396330	29.698017120	-25.706108090	27.176048280								
16.935304640	29.726978300	-25.657653810	27.268823620								
17.147724150	29.754234310	-25.610824580	27.362426760								
17.353511810	29.779804230	-25.565635680	27.456834790								
17.552530290	29.803703310	-25.522100450	27.552017210								
17.744630810	29.825960160	-25.480232240	27.647943500								
17.929687500	29.846603390	-25.440044400	27.744585040								
18.107564930	29.865663530	-25.401546480	27.841915130								
18.278133390	29.883178710	-25.364753720	27.939899440								
18.441270830	29.899192810	-25.329677580	28.038511280								
18.596858980	29.913749690	-25.296323780	28.137722020								
18.744775770	29.926900860	-25.264707570	28.237497330								
18.884914400	29.938697810	-25.234836580	28.337808610								
19.017168050	29.949197770	-25.206718440	28.438625340								
19.141437530	29.958463670	-25.180362700	28.539920810								
19.257623670	29.966560360	-25.155780790	28.641656880								
19.365638730	29.973554610	-25.132974620	28.743806840								
19.465396880	29.979518890	-25.111955640	28.846342090								
19.556821820	29.984525680	-25.092727660	28.949224470								
19.639837270	29.988653180	-25.075296400	29.052427290								
19.714382170	29.991979600	-25.059669490	29.155921940								
19.780393600	29.994588850	-25.045848850	29.259670260								
19.837818150	29.996562960	-25.033840180	29.363643650								
19.886611940	29.997989650	-25.023649220	29.467811580								
19.926733020	29.998954770	-25.015274050	29.572141650								
19.958152770	29.999549870	-25.008722310	29.676601410								
19.980840680	29.999860760	-25.003992080	29.781158450								
19.994781490	29.999980930	-25.001087190	29.885786060								
19.999963760	30.000000000	-25.000007630	29.990444180								
19.996381760	30.000011440	-25.000753400	30.095106120								
19.984039310	30.000106810	-25.003326420	30.199741360								
19.962945940	30.000375750	-25.007722850	30.304313660								
19.933120730	30.000911710	-25.013942720	30.408794400								
19.894584660	30.001802440	-25.021984100	30.513151170								
19.847372060	30.003137590	-25.031845090	30.617349620								
19.791519170	30.005004880	-25.043521880	30.721361160								
19.727073670	30.007492070	-25.057010650	30.825153350								
19.654081340	30.010683060	-25.072309490	30.928695680								
19.572608950	30.014657970	-25.089410780	31.031953810								
19.482713700	30.019498830	-25.108310700	31.134899140								
19.384471890	30.025281910	-25.129003520	31.237499240								
19.277957920	30.032081600	-25.151483540	31.339721680								
19.163257600	30.039972310	-25.175743100	31.441535950								
19.040456770	30.049020770	-25.201774600	31.542913440								
18.909652710	30.059289930	-25.229570390	31.643819810								
18.770946500	30.070846560	-25.259122850	31.744226460								
18.624441150	30.083744050	-25.290420530	31.844102860								
18.470245360	30.098041530	-25.323457720	31.943418500								
18.308479310	30.113784790	-25.358222960	32.042140960								
18.139257430	30.131023410	-25.394702910	32.140243530								
17.962703700	30.149799350	-25.432888030	32.237693790								
17.778949740	30.170150760	-25.472768780	32.334465030								
17.588123320	30.192110060	-25.514331820	32.430522920								
17.390357970	30.215709690	-25.557563780	32.525844570								
17.185798650	30.240970610	-25.602451320	32.620391850								
16.974578860	30.267919540	-25.648981090	32.714145660								
16.756841660	30.296567920	-25.697139740	32.807075500								
16.532741550	30.326931000	-25.746912000	32.899150850								
16.302419660	30.359014510	-25.798282620	32.990341190								
16.066030500	30.392822270	-25.851236340	33.080619810								
15.823719980	30.428356170	-25.905757900	33.169967650								
15.575648310	30.465606690	-25.961826320	33.258346560								
15.321969030	30.504568100	-26.019430160	33.345733640								
15.062832830	30.545227050	-26.078550340	33.432102200								
14.798404690	30.587564470	-26.139167790	33.517429350								
14.528837200	30.631557460	-26.201263430	33.601684570								
14.254284860	30.677185060	-26.264820100	33.684844970								
13.974914550	30.724414830	-26.329816820	33.766880040								
13.690877910	30.773216250	-26.396234510	33.847770690								
13.402331350	30.823553090	-26.464054110	33.927494050								
13.109439850	30.875383380	-26.533254620	34.006019590								
12.812355040	30.928668980	-26.603813170	34.083324430								
12.511235240	30.983362200	-26.675708770	34.159389500								
12.206233020	31.039413450	-26.748922350	34.234188080								
11.897507670	31.096773150	-26.823427200	34.307697300								
11.585212710	31.155385970	-26.899204250	34.379894260								
11.269495960	31.215196610	-26.976230620	34.450759890								
10.950515750	31.276144030	-27.054479600	34.520271300								
10.628418920	31.338169100	-27.133928300	34.588409420								
10.303350450	31.401210780	-27.214555740	34.655151370								
9.975470540	31.465196610	-27.296333310	34.720470430								
9.644907000	31.530069350	-27.379238130	34.784358980								
9.311811450	31.595756530	-27.463247300	34.846790310								
8.976337430	31.662185670	-27.548328400	34.907745360								
8.638606070	31.729288100	-27.634464260	34.967208860								
8.298764230	31.796995160	-27.721622470	35.025161740								
7.956959720	31.865226750	-27.809776310	35.081581120								
7.613307480	31.933916090	-27.898902890	35.136459350								
7.267950530	32.002986910	-27.988973620	35.189769740								
6.921030040	32.072357180	-28.079957960	35.241504670								
6.572655200	32.141960140	-28.171834950	35.291641240								
6.222962860	32.211715700	-28.264570240	35.340171810								
5.872087960	32.281543730	-28.358137130	35.387073520								
5.520133970	32.351379390	-28.452508930	35.432338710								
5.167232040	32.421138760	-28.547657010	35.475948330								
4.813511850	32.490741730	-28.643548970	35.517890930								
4.459070680	32.560123440	-28.740159990	35.558158870								
4.104033950	32.629199980	-28.837457660	35.596733090								
3.748524190	32.697898860	-28.935413360	35.633602140								
3.392634150	32.766151430	-29.033998490	35.668758390								
3.036492820	32.833873750	-29.133178710	35.702190400								
2.680188180	32.901004790	-29.232929230	35.733886720								
2.323836330	32.967464450	-29.333219530	35.763839720								
1.967551110	33.033180240	-29.434013370	35.792037960								
1.611415390	33.098091130	-29.535285950	35.818473820								
1.255539660	33.162120820	-29.637004850	35.843135830								
0.900032340	33.225204470	-29.739135740	35.866024020								
0.544971410	33.287277220	-29.841651920	35.887123110								
0.190462040	33.348270420	-29.944522860	35.906433110								
-0.163392080	33.408123020	-30.047710420	35.923946380								
-0.516518000	33.466770170	-30.151189800	35.939655300								
-0.868815180	33.524150850	-30.254930500	35.953559880								
-1.220184800	33.580207820	-30.358892440	35.965648650								
-1.570558070	33.634883880	-30.463052750	35.975925450								
-1.919839500	33.688117980	-30.567377090	35.984382630								
-2.267934080	33.739860530	-30.671829220	35.991020200								
-2.614778040	33.790054320	-30.776386260	35.995830540								
-2.960278990	33.838649750	-30.881010060	35.998821260								
-3.304347040	33.885593410	-30.985666280	35.999984740								
-3.646921630	33.930843350	-31.090330120	35.999320980								
-3.987914800	33.974349980	-31.194967270	35.996829990								
-4.327239990	34.016067500	-31.299541470	35.992519380								
-4.664840700	34.055957790	-31.404027940	35.986381530								
-5.000632290	34.093971250	-31.508392330	35.978424070								
-5.334532740	34.130077360	-31.612596510	35.968643190								
-5.666487690	34.164234160	-31.716619490	35.957050320								
-5.996407030	34.196403500	-31.820421220	35.943645480								
-6.324239730	34.226558690	-31.923974990	35.928428650								
-6.649907110	34.254665370	-32.027248380	35.911407470								
-6.973331450	34.280689240	-32.130207060	35.892593380								
-7.294465070	34.304603580	-32.232822420	35.871978760								
-7.613232140	34.326385500	-32.335063930	35.849582670								
-7.929558280	34.346004490	-32.436897280	35.825405120								
-8.243396760	34.363445280	-32.538295750	35.799453740								
-8.554676060	34.378677370	-32.639225010	35.771736150								
-8.863326070	34.391689300	-32.739654540	35.742263790								
-9.169301030	34.402462010	-32.839553830	35.711044310								
-9.472532270	34.410976410	-32.938896180	35.678085330								
-9.772951130	34.417221070	-33.037647250	35.643402100								
-10.070516590	34.421184540	-33.135780330	35.606998440								
-10.365161900	34.422859190	-33.233261110	35.568889620								
-10.656822200	34.422225950	-33.330059050	35.529087070								
-10.945456500	34.419292450	-33.426155090	35.487602230								
-11.231001850	34.414039610	-33.521507260	35.444446560								
-11.513395310	34.406475070	-33.616092680	35.399635310								
-11.792598720	34.396587370	-33.709884640	35.353179930								
-12.068551060	34.384384160	-33.802852630	35.305091860								
-12.341192250	34.369865420	-33.894966130	35.255393980								
-12.610486980	34.353031160	-33.986198430	35.204097750								
-12.876368520	34.333889010	-34.076519010	35.151214600								
-13.138802530	34.312442780	-34.165908810	35.096767430								
-13.397729870	34.288700100	-34.254333500	35.040763850								
-13.653098110	34.262676240	-34.341766360	34.983230590								
-13.904872890	34.234375000	-34.428184510	34.924182890								
-14.152998920	34.203811650	-34.513557430	34.863632200								
-14.397423740	34.171001430	-34.597862240	34.801605220								
-14.638115880	34.135959630	-34.681072240	34.738113400								
-14.875024800	34.098701480	-34.763160710	34.673179630								
-15.108099940	34.059246060	-34.844104770	34.606826780								
-15.337307930	34.017608640	-34.923881530	34.539070130								
-15.562603950	33.973819730	-35.002460480	34.469932560								
-15.783937450	33.927890780	-35.079822540	34.399436950								
-16.001281740	33.879852290	-35.155944820	34.327602390								
-16.214590070	33.829730990	-35.230800630	34.254447940								
-16.423816680	33.777545930	-35.304367070	34.180000310								
-16.628934860	33.723327640	-35.376628880	34.104282380								
-16.829902650	33.667106630	-35.447555540	34.027313230								
-17.026676180	33.608913420	-35.517127990	33.949119570								
-17.219228740	33.548770900	-35.585330960	33.869724270								
-17.407522200	33.486721040	-35.652133940	33.789150240								
-17.591514590	33.422794340	-35.717521670	33.707424160								
-17.771184920	33.357021330	-35.781475070	33.624568940								
-17.946493150	33.289440160	-35.843971250	33.540611270								
-18.117401120	33.220085140	-35.904994960	33.455577850								
-18.283889770	33.148998260	-35.964527130	33.369491580								
-18.445919040	33.076213840	-36.022548680	33.282379150								
-18.603466030	33.001770020	-36.079040530	33.194267270								
-18.756498340	32.925708770	-36.133987430	33.105186460								
-18.904983520	32.848075870	-36.187370300	33.015159610								
-19.048902510	32.768905640	-36.239177700	32.924213410								
-19.188226700	32.688240050	-36.289390560	32.832378390								
-19.322923660	32.606132510	-36.337989810	32.739681240								
-19.452976230	32.522621150	-36.384967800	32.646152500								
-19.578359600	32.437747960	-36.430305480	32.551815030								
-19.699045180	32.351566310	-36.473991390	32.456703190								
-19.815017700	32.264114380	-36.516014100	32.360843660								
-19.926254270	32.175445560	-36.556358340	32.264263150								
-20.032728200	32.085609440	-36.595008850	32.166999820								
-20.134428020	31.994646070	-36.631958010	32.069072720								
-20.231330870	31.902610780	-36.667190550	31.970514300								
-20.323417660	31.809553150	-36.700702670	31.871360780								
-20.410675050	31.715520860	-36.732479100	31.771635060								
-20.493085860	31.620565410	-36.762512210	31.671369550								
-20.570632930	31.524742130	-36.790786740	31.570598600								
-20.643302920	31.428094860	-36.817302700	31.469345090								
-20.711084370	31.330680850	-36.842048650	31.367647170								
-20.773962020	31.232553480	-36.865016940	31.265535350								
-20.831926350	31.133760450	-36.886199950	31.163034440								
-20.884963990	31.034360890	-36.905590060	31.060182570								
-20.933067320	30.934404370	-36.923187260	30.957006450								
-20.976228710	30.833944320	-36.938980100	30.853538510								
-21.014436720	30.733039860	-36.952964780	30.749813080								
-21.047687530	30.631736760	-36.965137480	30.645856860								
-21.075971600	30.530096050	-36.975494380	30.541704180								
-21.099287030	30.428173070	-36.984035490	30.437389370								
-21.117628100	30.326017380	-36.990756990	30.332939150								
-21.130990980	30.223686220	-36.995651250	30.228387830								
-21.139373780	30.121236800	-36.998722080	30.123769760								
-21.142774580	30.018720630	-36.999969480	30.019109730								
-21.141193390	29.916194920	-36.999389650	29.914445880								
ZONE C											
-22.247539520	44.861820220	-37.999011990	44.886615750								
-22.240156170	44.723705290	-37.996044160	44.773269650								
-22.227853780	44.585720060	-37.991100310	44.659988400								
-22.210636140	44.447940830	-37.984184270	44.546813960								
-22.188501360	44.310424800	-37.975292210	44.433773040								
-22.161458970	44.173244480	-37.964427950	44.320907590								
-22.129510880	44.036460880	-37.951599120	44.208248140								
-22.092664720	43.900142670	-37.936805730	44.095829010								
-22.050928120	43.764354710	-37.920055390	43.983688350								
-22.004306790	43.629165650	-37.901351930	43.871852870								
-21.952814100	43.494636540	-37.880699160	43.760360720								
-21.896455760	43.360839840	-37.858100890	43.649250030								
-21.835245130	43.227828980	-37.833572390	43.538547520								
-21.769193650	43.095680240	-37.807117460	43.428287510								
-21.698312760	42.964450840	-37.778739930	43.318508150								
-21.622619630	42.834205630	-37.748455050	43.209239960								
-21.542123790	42.705009460	-37.716266630	43.100517270								
-21.456846240	42.576923370	-37.682186130	42.992374420								
-21.366798400	42.450016020	-37.646224980	42.884841920								
-21.272001270	42.324337010	-37.608394620	42.777950290								
-21.172472000	42.199962620	-37.568706510	42.671737670								
-21.068229680	42.076942440	-37.527168270	42.566230770								
-20.959295270	41.955337520	-37.483798980	42.461463930								
-20.845687870	41.835216520	-37.438606260	42.357471470								
-20.727430340	41.716629030	-37.391609190	42.254283910								
-20.604543690	41.599639890	-37.342815400	42.151931760								
-20.477054600	41.484302520	-37.292247770	42.050445560								
-20.344984050	41.370674130	-37.239913940	41.949855800								
-20.208358760	41.258815770	-37.185836790	41.850196840								
-20.067203520	41.148777010	-37.130027770	41.751495360								
-19.921548840	41.040618900	-37.072505950	41.653781890								
-19.771417620	40.934391020	-37.013286590	41.557086940								
-19.616840360	40.830142970	-36.952392580	41.461437230								
-19.457845690	40.727935790	-36.889839170	41.366867070								
-19.294464110	40.627811430	-36.825641630	41.273403170								
-19.126726150	40.529827120	-36.759826660	41.181072240								
-18.954662320	40.434028630	-36.692409520	41.089900970								
-18.778305050	40.340469360	-36.623413090	40.999923710								
-18.597686770	40.249187470	-36.552860260	40.911159520								
-18.412843700	40.160236360	-36.480766300	40.823642730								
-18.223806380	40.073657990	-36.407157900	40.737396240								
-18.030612950	39.989498140	-36.332057950	40.652446750								
-17.833295820	39.907798770	-36.255485530	40.568820950								
-17.631895070	39.828605650	-36.177467350	40.486541750								
-17.426445010	39.751953130	-36.098022460	40.405635830								
-17.216983800	39.677879330	-36.017181400	40.326129910								
-17.003551480	39.606430050	-35.934967040	40.248046880								
-16.786182400	39.537635800	-35.851398470	40.171405790								
-16.564920430	39.471534730	-35.766510010	40.096237180								
-16.339803700	39.408161160	-35.680320740	40.022560120								
-16.110874180	39.347545620	-35.592861180	39.950397490								
-15.878170970	39.289718630	-35.504154210	39.879772190								
-15.641737940	39.234714510	-35.414230350	39.810703280								
-15.401618000	39.182559970	-35.323116300	39.743217470								
-15.157851220	39.133277890	-35.230838780	39.677326200								
-14.910484310	39.086898800	-35.137424470	39.613056180								
-14.659558300	39.043445590	-35.042903900	39.550426480								
-14.405120850	39.002937320	-34.947303770	39.489456180								
-14.147214890	38.965396880	-34.850654600	39.430160520								
-13.885885240	38.930847170	-34.752986910	39.372562410								
-13.621181490	38.899295810	-34.654331210	39.316673280								
-13.353146550	38.870765690	-34.554714200	39.262516020								
-13.081831930	38.845268250	-34.454166410	39.210102080								
-12.807278630	38.822814940	-34.352722170	39.159454350								
-12.529539110	38.803421020	-34.250404360	39.110580440								
-12.248663900	38.787086490	-34.147254940	39.063499450								
-11.964696880	38.773826600	-34.043296810	39.018226620								
-11.677690510	38.763637540	-33.938568120	38.974769590								
-11.387695310	38.756526950	-33.833095550	38.933151250								
-11.094759940	38.752494810	-33.726913450	38.893375400								
-10.798936840	38.751541140	-33.620052340	38.855461120								
-10.500275610	38.753662110	-33.512546540	38.819412230								
-10.198829650	38.758850100	-33.404430390	38.785247800								
-9.894652370	38.767097470	-33.295734410	38.752975460								
-9.587793350	38.778400420	-33.186489110	38.722599030								
-9.278309820	38.792739870	-33.076732640	38.694137570								
-8.966251370	38.810108180	-32.966495510	38.667591090								
-8.651675220	38.830482480	-32.855812070	38.642974850								
-8.334637640	38.853851320	-32.744716640	38.620292660								
-8.015191080	38.880191800	-32.633243560	38.599548340								
-7.693393230	38.909481050	-32.521423340	38.580757140								
-7.369301800	38.941692350	-32.409294130	38.563915250								
-7.042971130	38.976799010	-32.296886440	38.549034120								
-6.714463230	39.014770510	-32.184238430	38.536113740								
-6.383832450	39.055580140	-32.071380620	38.525161740								
-6.051139830	39.099185940	-31.958351140	38.516181950								
-5.716448310	39.145553590	-31.845180510	38.509170530								
-5.379813190	39.194644930	-31.731904980	38.504138950								
-5.041301730	39.246418000	-31.618558880	38.501083370								
-4.700970650	39.300823210	-31.505176540	38.500000000								
-4.358885770	39.357822420	-31.391792300	38.500900270								
-4.015113830	39.417358400	-31.278440480	38.503776550								
-3.669714930	39.479381560	-31.165157320	38.508628850								
-3.322760340	39.543838500	-31.051975250	38.515457150								
-2.974312070	39.610672000	-30.938930510	38.524261470								
-2.624440670	39.679817200	-30.826055530	38.535034180								
-2.273217920	39.751220700	-30.713386540	38.547771450								
-1.920709850	39.824810030	-30.600955960	38.562477110								
-1.566992880	39.900520320	-30.488800050	38.579135890								
-1.212135430	39.978286740	-30.376951220	38.597755430								
-0.856214580	40.058029170	-30.265443800	38.618316650								
-0.499308820	40.139671330	-30.154312130	38.640823360								
-0.141490890	40.223144530	-30.043590550	38.665264130								
0.217157470	40.308364870	-29.933311460	38.691635130								
0.576552810	40.395244600	-29.823509220	38.719921110								
0.936617310	40.483707430	-29.714218140	38.750122070								
1.297261360	40.573657990	-29.605468750	38.782222750								
1.658403160	40.665012360	-29.497297290	38.816215520								
2.019951820	40.757675170	-29.389734270	38.852092740								
2.381814000	40.851554870	-29.282814030	38.889839170								
2.743901490	40.946556090	-29.176568980	38.929443360								
3.106114150	41.042575840	-29.071029660	38.970893860								
3.468358990	41.139514920	-28.966230390	39.014183040								
3.830533270	41.237274170	-28.862201690	39.059291840								
4.192531590	41.335750580	-28.758975980	39.106208800								
4.554251190	41.434829710	-28.656585690	39.154918670								
4.915587900	41.534416200	-28.555057530	39.205406190								
5.276420590	41.634387970	-28.454427720	39.257659910								
5.636640070	41.734645840	-28.354724880	39.311656950								
5.996134280	41.835071560	-28.255977630	39.367385860								
6.354772090	41.935558320	-28.158218380	39.424831390								
6.712434770	42.035984040	-28.061477660	39.483970640								
7.068998810	42.136245730	-27.965780260	39.544792180								
7.424326420	42.236217500	-27.871160510	39.607273100								
7.778285500	42.335792540	-27.777645110	39.671390530								
8.130739210	42.434848790	-27.685260770	39.737133030								
8.481552120	42.533279420	-27.594038010	39.804477690								
8.830568310	42.630962370	-27.504003520	39.873401640								
9.177643780	42.727787020	-27.415185930	39.943885800								
9.522630690	42.823642730	-27.327610020	40.015907290								
9.865364070	42.918407440	-27.241304400	40.089447020								
10.205687520	43.011978150	-27.156295780	40.164482120								
10.543441770	43.104244230	-27.072607040	40.240989690								
10.878450390	43.195095060	-26.990266800	40.318943020								
11.210546490	43.284427640	-26.909299850	40.398319240								
11.539558410	43.372138980	-26.829727170	40.479099270								
11.865298270	43.458129880	-26.751577380	40.561252590								
12.187588690	43.542301180	-26.674873350	40.644756320								
12.506244660	43.624557500	-26.599636080	40.729587550								
12.821079250	43.704814910	-26.525890350	40.815715790								
13.131893160	43.782985690	-26.453659060	40.903118130								
13.438493730	43.858982090	-26.382961270	40.991767880								
13.740688320	43.932735440	-26.313821790	41.081638340								
14.038266180	44.004169460	-26.246261600	41.172698970								
14.331027980	44.073223110	-26.180299760	41.264926910								
14.618772510	44.139831540	-26.115955350	41.358287810								
14.901285170	44.203941350	-26.053249360	41.452758790								
15.178359990	44.265506740	-25.992202760	41.548309330								
15.449790000	44.324481960	-25.932830810	41.644912720								
15.715356830	44.380836490	-25.875152590	41.742530820								
15.974852560	44.434539790	-25.819187160	41.841144560								
16.228065490	44.485572810	-25.764949800	41.940719600								
16.474786760	44.533927920	-25.712457660	42.041225430								
16.714799880	44.579593660	-25.661726000	42.142631530								
16.947895050	44.622573850	-25.612771990	42.244903560								
17.173871990	44.662883760	-25.565608980	42.348018650								
17.392515180	44.700542450	-25.520252230	42.451938630								
17.603628160	44.735576630	-25.476715090	42.556633000								
17.807008740	44.768024440	-25.435009000	42.662075040								
18.002458570	44.797927860	-25.395151140	42.768226620								
18.189788820	44.825344090	-25.357151030	42.875053410								
18.368812560	44.850330350	-25.321018220	42.982532500								
18.539342880	44.872959140	-25.286766050	43.090621950								
18.701210020	44.893310550	-25.254405980	43.199291230								
18.854240420	44.911468510	-25.223945620	43.308509830								
18.998275760	44.927524570	-25.195394520	43.418247220								
19.133157730	44.941581730	-25.168762210	43.528461460								
19.258739470	44.953750610	-25.144056320	43.639125820								
19.374887470	44.964141850	-25.121284480	43.750202180								
19.481466290	44.972881320	-25.100454330	43.861660000								
19.578357700	44.980098720	-25.081571580	43.973464970								
19.665456770	44.985923770	-25.064641950	44.085582730								
19.742656710	44.990497590	-25.049671170	44.197975160								
19.809875490	44.993961330	-25.036661150	44.310615540								
19.867031100	44.996467590	-25.025619510	44.423461910								
19.914056780	44.998161320	-25.016548160	44.536487580								
19.950901030	44.999206540	-25.009449010	44.649650570								
19.977518080	44.999755860	-25.004325870	44.762924190								
19.993875500	44.999965670	-25.001178740	44.876266480								
19.999958040	45.000000000	-25.000007630	44.989646910								
19.995754240	45.000019070	-25.000816350	45.103031160								
19.981269840	45.000186920	-25.003602980	45.216388700								
19.956525800	45.000659940	-25.008365630	45.329673770								
19.921546940	45.001602170	-25.015104290	45.442859650								
19.876375200	45.003170010	-25.023815160	45.555912020								
19.821064000	45.005516050	-25.034498210	45.668796540								
19.755678180	45.008792880	-25.047147750	45.781475070								
19.680294040	45.013153080	-25.061761860	45.893917080								
19.594995500	45.018737790	-25.078334810	46.006088260								
19.499883650	45.025688170	-25.096860890	46.117950440								
19.395063400	45.034141540	-25.117336270	46.229473110								
19.280654910	45.044223790	-25.139755250	46.340625760								
19.156785960	45.056060790	-25.164106370	46.451366420								
19.023590090	45.069763180	-25.190387730	46.561664580								
18.881216050	45.085445400	-25.218589780	46.671489720								
18.729814530	45.103214260	-25.248701100	46.780803680								
18.569549560	45.123157500	-25.280715940	46.889579770								
18.400587080	45.145362850	-25.314622880	46.997776030								
18.223100660	45.169914250	-25.350412370	47.105369570								
18.037275310	45.196880340	-25.388072970	47.212318420								
17.843292240	45.226325990	-25.427593230	47.318595890								
17.641344070	45.258304600	-25.468963620	47.424167630								
17.431631090	45.292865750	-25.512166980	47.529003140								
17.214345930	45.330043790	-25.557191850	47.633064270								
16.989692690	45.369865420	-25.604026790	47.736328130								
16.757881160	45.412361150	-25.652654650	47.838760380								
16.519115450	45.457534790	-25.703062060	47.940326690								
16.273603440	45.505397800	-25.755235670	48.041000370								
16.021560670	45.555942540	-25.809154510	48.140743260								
15.763195990	45.609161380	-25.864807130	48.239536290								
15.498723030	45.665031430	-25.922172550	48.337341310								
15.228346820	45.723533630	-25.981235500	48.434131620								
14.952287670	45.784626010	-26.041978840	48.529872890								
14.670752530	45.848274230	-26.104383470	48.624542240								
14.383946420	45.914432530	-26.168430330	48.718112950								
14.092085840	45.983039860	-26.234098430	48.810546880								
13.795372010	46.054046630	-26.301368710	48.901824950								
13.494005200	46.127380370	-26.370222090	48.991912840								
13.188194270	46.202976230	-26.440635680	49.080787660								
12.878135680	46.280754090	-26.512588500	49.168418880								
12.564019200	46.360633850	-26.586059570	49.254783630								
12.246047970	46.442535400	-26.661026000	49.339851380								
11.924407960	46.526363370	-26.737463000	49.423599240								
11.599283220	46.612026210	-26.815351490	49.506004330								
11.270854000	46.699432370	-26.894664760	49.587036130								
10.939309120	46.788478850	-26.975379940	49.666671750								
10.604819300	46.879058840	-27.057472230	49.744884490								
10.267553330	46.971073150	-27.140916820	49.821659090								
9.927686690	47.064414980	-27.225685120	49.896961210								
9.585381510	47.158969880	-27.311756130	49.970775600								
9.240793230	47.254634860	-27.399103160	50.043079380								
8.894093510	47.351287840	-27.487693790	50.113845830								
8.545415880	47.448825840	-27.577508930	50.183055880								
8.194918630	47.547126770	-27.668518070	50.250690460								
7.842760090	47.646076200	-27.760688780	50.316722870								
7.489059450	47.745567320	-27.854002000	50.381141660								
7.133967880	47.845478060	-27.948423390	50.443923950								
6.777627940	47.945690160	-28.043924330	50.505046840								
6.420152190	48.046096800	-28.140478130	50.564495090								
6.061678890	48.146583560	-28.238056180	50.622253420								
5.702341080	48.247028350	-28.336622240	50.678295140								
5.342240810	48.347324370	-28.436153410	50.732612610								
4.981506350	48.447360990	-28.536617280	50.785186770								
4.620262150	48.547019960	-28.637981410	50.835994720								
4.258600710	48.646202090	-28.740219120	50.885032650								
3.896640300	48.744796750	-28.843296050	50.932277680								
3.534497260	48.842693330	-28.947177890	50.977718350								
3.172255280	48.939792630	-29.051839830	51.021339420								
2.810024740	49.035987850	-29.157247540	51.063125610								
2.447914120	49.131179810	-29.263362880	51.103069310								
2.085999490	49.225269320	-29.370164870	51.141155240								
1.724393610	49.318164830	-29.477609630	51.177371980								
1.363168360	49.409763340	-29.585674290	51.211711880								
1.002422450	49.499980930	-29.694320680	51.244159700								
0.642252740	49.588718410	-29.803514480	51.274703980								
0.282724470	49.675895690	-29.913227080	51.303344730								
-0.076069250	49.761421200	-30.023422240	51.330062870								
-0.434037390	49.845218660	-30.134063720	51.354858400								
-0.791119990	49.927204130	-30.245122910	51.377716060								
-1.147229310	50.007301330	-30.356565480	51.398635860								
-1.502279280	50.085430150	-30.468353270	51.417610170								
-1.856214400	50.161521910	-30.580455780	51.434627530								
-2.208951470	50.235504150	-30.692840580	51.449687960								
-2.560409070	50.307312010	-30.805467610	51.462787630								
-2.910535100	50.376873020	-30.918308260	51.473918910								
-3.259250640	50.444133760	-31.031324390	51.483081820								
-3.606478210	50.509029390	-31.144481660	51.490268710								
-3.952168460	50.571502690	-31.257751460	51.495483400								
-4.296247010	50.631496430	-31.371093750	51.498722080								
-4.638637540	50.688961030	-31.484472270	51.499980930								
-4.979296210	50.743843080	-31.597858430	51.499263760								
-5.318149090	50.796100620	-31.711214070	51.496566770								
-5.655124660	50.845684050	-31.824502940	51.491893770								
-5.990179540	50.892555240	-31.937696460	51.485244750								
-6.323244570	50.936664580	-32.050758360	51.476623540								
-6.654249190	50.977985380	-32.163646700	51.466033940								
-6.983153820	51.016479490	-32.276336670	51.453472140								
-7.309879780	51.052112580	-32.388790130	51.438949580								
-7.634387970	51.084857940	-32.500972750	51.422466280								
-7.956611630	51.114681240	-32.612854000	51.404026030								
-8.276485440	51.141559600	-32.724391940	51.383640290								
-8.593970300	51.165473940	-32.835559840	51.361312870								
-8.909003260	51.186397550	-32.946319580	51.337047580								
-9.221518520	51.204315190	-33.056640630	51.310852050								
-9.531479840	51.219207760	-33.166488650	51.282741550								
-9.838825230	51.231063840	-33.275829320	51.252716060								
-10.143491740	51.239871980	-33.384624480	51.220787050								
-10.445442200	51.245620730	-33.492851260	51.186965940								
-10.744618420	51.248302460	-33.600471500	51.151260380								
-11.040959360	51.247905730	-33.707450870	51.113685610								
-11.334427830	51.244438170	-33.813758850	51.074249270								
-11.624966620	51.237892150	-33.919364930	51.032966610								
-11.912516590	51.228263850	-34.024230960	50.989845280								
-12.197044370	51.215564730	-34.128334050	50.944900510								
-12.478491780	51.199790950	-34.231636050	50.898151400								
-12.756802560	51.180953980	-34.334102630	50.849601750								
-13.031942370	51.159057620	-34.435710910	50.799278260								
-13.303855900	51.134117130	-34.536422730	50.747184750								
-13.572487830	51.106140140	-34.636211400	50.693344120								
-13.837806700	51.075138090	-34.735046390	50.637771610								
-14.099750520	51.041133880	-34.832897190	50.580482480								
-14.358285900	51.004138950	-34.929733280	50.521495820								
-14.613363270	50.964172360	-35.025527950	50.460830690								
-14.864929200	50.921253200	-35.120246890	50.398502350								
-15.112952230	50.875408170	-35.213863370	50.334529880								
-15.357381820	50.826652530	-35.306354520	50.268936160								
-15.598167420	50.775020600	-35.397682190	50.201736450								
-15.835278510	50.720535280	-35.487827300	50.132957460								
-16.068666460	50.663223270	-35.576759340	50.062614440								
-16.298284530	50.603115080	-35.664443970	49.990730290								
-16.524103160	50.540241240	-35.750869750	49.917327880								
-16.746074680	50.474636080	-35.835998540	49.842430110								
-16.964151380	50.406330110	-35.919807430	49.766056060								
-17.178310390	50.335361480	-36.002273560	49.688232420								
-17.388500210	50.261768340	-36.083366390	49.608985900								
-17.594682690	50.185581210	-36.163066860	49.528335570								
-17.796827320	50.106845860	-36.241348270	49.446304320								
-17.994894030	50.025600430	-36.318187710	49.362922670								
-18.188840870	49.941890720	-36.393554690	49.278213500								
-18.378641130	49.855751040	-36.467441560	49.192199710								
-18.564254760	49.767227170	-36.539810180	49.104911800								
-18.745643620	49.676372530	-36.610649110	49.016376500								
-18.922782900	49.583221440	-36.679931640	48.926616670								
-19.095634460	49.487827300	-36.747638700	48.835662840								
-19.264160160	49.390239720	-36.813743590	48.743541720								
-19.428342820	49.290504460	-36.878238680	48.650280000								
-19.588136670	49.188671110	-36.941093440	48.555912020								
-19.743524550	49.084793090	-37.002292630	48.460456850								
-19.894470210	48.978923800	-37.061820980	48.363948820								
-20.040943150	48.871112820	-37.119651790	48.266422270								
-20.182922360	48.761413570	-37.175773620	48.167896270								
-20.320377350	48.649879460	-37.230171200	48.068408970								
-20.453279500	48.536575320	-37.282821660	47.967990880								
-20.581607820	48.421543120	-37.333717350	47.866664890								
-20.705337520	48.304851530	-37.382835390	47.764465330								
-20.824440000	48.186553960	-37.430160520	47.661430360								
-20.938899990	48.066707610	-37.475681300	47.557579040								
-21.048690800	47.945369720	-37.519386290	47.452953340								
-21.153789520	47.822605130	-37.561260220	47.347583770								
-21.254180910	47.698471070	-37.601287840	47.241493230								
-21.349845890	47.573024750	-37.639457700	47.134723660								
-21.440759660	47.446338650	-37.675762180	47.027305600								
-21.526910780	47.318462370	-37.710186000	46.919269560								
-21.608280180	47.189460750	-37.742721560	46.810649870								
-21.684850690	47.059406280	-37.773353580	46.701480870								
-21.756612780	46.928352360	-37.802078250	46.591793060								
-21.823547360	46.796363830	-37.828887940	46.481616970								
-21.885641100	46.663509370	-37.853767400	46.370994570								
-21.942886350	46.529846190	-37.876716610	46.259952550								
-21.995267870	46.395450590	-37.897724150	46.148532870								
-22.042779920	46.260375980	-37.916786190	46.036758420								
-22.085409160	46.124691010	-37.933895110	45.924667360								
-22.123147960	45.988468170	-37.949043270	45.812297820								
-22.155990600	45.851764680	-37.962234500	45.699680330								
-22.183931350	45.714649200	-37.973453520	45.586845400								
-22.206960680	45.577190400	-37.982704160	45.473838810								
-22.225078580	45.439453130	-37.989986420	45.360683440								
-22.238277440	45.301502230	-37.995288850	45.247421260								
-22.246557240	45.163406370	-37.998615260	45.134082790								
-22.249917980	45.025230410	-37.999965670	45.020702360								
-22.248355870	44.887043000	-37.999340060	44.907318120								
